id,username,status,Q1,Q2,Q3,Q4,Q5,Q6,Q7,Q8

3,test,false,0,1,0,0,0,0,0,0,0
5,test,false,0,0,2,0,0,0,0,0,0
7,test,false,0,1,0,0,0,0,0,0,0
9,test,false,0,1,0,0,0,0,0,0,0
11,test,false,0,0,1,0,0,0,0,0,0
13,test,false,0,1,0,0,0,0,0,0,0
15,test,false,0,1,0,0,0,0,0,0,0
17,test,false,0,1,0,0,0,0,0,0,0
19,test,false,0,1,0,0,0,0,0,0,0
21,test,false,0,1,0,0,0,0,0,0,0
23,test,false,0,1,0,0,0,0,0,0,0
25,test,false,0,1,0,0,0,0,0,0,0
27,test,false,0,0,1,0,0,0,0,0,0
29,test,false,0,0,1,0,0,0,0,0,0
31,test,false,0,1,0,0,0,0,0,0,0
33,test,false,0,0,1,0,0,0,0,0,0
35,test,false,0,0,0,0,0,0,0,1,0
37,test,false,0,0,1,0,0,0,0,0,0
39,test,false,0,1,0,0,0,0,0,0,0
41,test,false,0,1,0,0,0,0,0,0,0
43,test,false,0,0,1,0,0,0,0,0,0
45,test,false,0,0,1,0,0,0,0,0,0
47,test,false,0,1,0,0,0,0,0,0,0
49,test,false,0,1,0,0,0,0,0,0,0
51,test,false,1,0,0,0,0,0,0,0,0
53,test,false,0,0,0,1,0,0,0,0,0
55,test,false,0,1,0,0,0,0,0,0,0
57,test,false,0,1,0,0,0,0,0,0,0
59,test,false,0,0,1,0,0,0,0,0,0
61,test,false,0,1,0,0,0,0,0,0,0
63,test,false,0,1,0,0,0,0,0,0,0
65,test,false,0,1,0,0,0,0,0,0,0
67,test,false,0,1,0,0,0,0,0,0,0
69,test,false,0,1,0,0,0,0,0,0,0
71,test,false,0,2,0,0,0,0,0,0,0
73,test,false,0,1,0,0,0,0,0,0,0
75,test,false,0,1,0,0,0,0,0,0,0
77,test,false,0,1,0,0,0,0,0,0,0
79,test,false,0,1,0,0,0,0,0,0,0
81,test,false,0,1,0,0,0,0,0,0,0
83,test,false,0,1,0,0,0,0,0,0,0
